0_011(011100)(000000)(00110)(0)(000000)
1_011(011100)(000000)(00110)(0)(000000)
10_011(011100)(000000)(00110)(0)(000000)
11_011(011100)(000000)(00110)(0)(000000)
100_011(011100)(000000)(00110)(0)(000000)
101_011(011100)(000000)(00110)(0)(000000)
110_011(011100)(000000)(00110)(0)(000000)
111_011(011100)(000000)(00110)(0)(000000)
1000_011(011100)(000000)(00110)(0)(000000)
1001_011(011100)(000000)(00110)(0)(000000)
1010_011(011100)(000000)(00110)(0)(000000)
1011_011(011100)(000000)(00110)(0)(000000)
1100_011(011100)(000000)(00110)(0)(000000)
1101_011(011100)(000000)(00110)(0)(000000)
1110_011(011100)(000000)(00110)(0)(000000)
1111_011(011100)(000000)(00110)(0)(000000)
10000_011(011100)(000000)(00110)(0)(000000)
10001_011(011100)(000000)(00110)(0)(000000)
10010_011(011100)(000000)(00110)(0)(000000)
10011_011(011100)(000000)(00110)(0)(000000)
10100_011(011100)(000000)(00110)(0)(000000)
10101_011(011100)(000000)(00110)(0)(000000)
10110_011(011100)(000000)(00110)(0)(000000)
10111_011(011100)(000000)(00110)(0)(000000)
11000_011(011100)(000000)(00110)(0)(000000)
11001_011(011100)(000000)(00110)(0)(000000)
11010_011(011100)(000000)(00110)(0)(000000)
11011_011(011100)(000000)(00110)(0)(000000)
11100_011(011100)(000000)(00110)(0)(000000)
11101_011(011100)(000000)(00110)(0)(000000)
11110_011(011100)(000000)(00110)(0)(000000)
11111_011(011100)(000000)(00110)(0)(000000)
100000_011(011100)(000000)(00110)(0)(000000)
100001_011(011100)(000000)(00110)(0)(000000)
100010_011(011100)(000000)(00110)(0)(000000)
100011_011(011100)(000000)(00110)(0)(000000)
100100_011(011100)(000000)(00110)(0)(000000)
100101_011(011100)(000000)(00110)(0)(000000)
100110_011(011100)(000000)(00110)(0)(000000)
100111_011(011100)(000000)(00110)(0)(000000)
101000_011(011100)(000000)(00110)(0)(000000)
101001_011(011100)(000000)(00110)(0)(000000)
101010_011(011100)(000000)(00110)(0)(000000)
101011_011(011100)(000000)(00110)(0)(000000)
101100_011(011100)(000000)(00110)(0)(000000)
101101_011(011100)(000000)(00110)(0)(000000)
101110_011(011100)(000000)(00110)(0)(000000)
101111_011(011100)(000000)(00110)(0)(000000)
110000_011(011100)(000000)(00110)(0)(000000)
110001_011(011100)(000000)(00110)(0)(000000)
110010_011(011100)(000000)(00110)(0)(000000)
110011_011(011100)(000000)(00110)(0)(000000)
110100_011(011100)(000000)(00110)(0)(000000)
110101_011(011100)(000000)(00110)(0)(000000)
110110_011(011100)(000000)(00110)(0)(000000)
110111_011(011100)(000000)(00110)(0)(000000)
111000_011(011100)(000000)(00110)(0)(000000)
111001_011(011100)(000000)(00110)(0)(000000)
111010_011(011100)(000000)(00110)(0)(000000)
111011_011(011100)(000000)(00110)(0)(000000)
111100_011(011100)(000000)(00110)(0)(000000)
111101_011(011100)(000000)(00110)(0)(000000)
111110_011(011100)(000000)(00110)(0)(000000)
111111_011(011100)(000000)(00110)(0)(000000)
1000000_011(011100)(000000)(00110)(0)(000000)
1000001_011(011100)(000000)(00110)(0)(000000)
1000010_011(011100)(000000)(00110)(0)(000000)
1000011_011(011100)(000000)(00110)(0)(000000)
1000100_011(011100)(000000)(00110)(0)(000000)
1000101_011(011100)(000000)(00110)(0)(000000)
1000110_011(011100)(000000)(00110)(0)(000000)
1000111_011(011100)(000000)(00110)(0)(000000)
1001000_011(011100)(000000)(00110)(0)(000000)
1001001_011(011100)(000000)(00110)(0)(000000)
1001010_011(011100)(000000)(00110)(0)(000000)
1001011_011(011100)(000000)(00110)(0)(000000)
1001100_011(011100)(000000)(00110)(0)(000000)
1001101_011(011100)(000000)(00110)(0)(000000)
1001110_011(011100)(000000)(00110)(0)(000000)
1001111_011(011100)(000000)(00110)(0)(000000)
1010000_011(011100)(000000)(00110)(0)(000000)
1010001_011(011100)(000000)(00110)(0)(000000)
1010010_011(011100)(000000)(00110)(0)(000000)
1010011_011(011100)(000000)(00110)(0)(000000)
1010100_011(011100)(000000)(00110)(0)(000000)
1010101_011(011100)(000000)(00110)(0)(000000)
1010110_011(011100)(000000)(00110)(0)(000000)
1010111_011(011100)(000000)(00110)(0)(000000)
1011000_011(011100)(000000)(00110)(0)(000000)
1011001_011(011100)(000000)(00110)(0)(000000)
1011010_011(011100)(000000)(00110)(0)(000000)
1011011_011(011100)(000000)(00110)(0)(000000)
1011100_011(011100)(000000)(00110)(0)(000000)
1011101_011(011100)(000000)(00110)(0)(000000)
1011110_011(011100)(000000)(00110)(0)(000000)
1011111_011(011100)(000000)(00110)(0)(000000)
1100000_011(011100)(000000)(00110)(0)(000000)
1100001_011(011100)(000000)(00110)(0)(000000)
1100010_011(011100)(000000)(00110)(0)(000000)
1100011_011(011100)(000000)(00110)(0)(000000)
1100100_011(011100)(000000)(00110)(0)(000000)
1100101_011(011100)(000000)(00110)(0)(000000)
1100110_011(011100)(000000)(00110)(0)(000000)
1100111_011(011100)(000000)(00110)(0)(000000)
1101000_011(011100)(000000)(00110)(0)(000000)
1101001_011(011100)(000000)(00110)(0)(000000)
1101010_011(011100)(000000)(00110)(0)(000000)
1101011_011(011100)(000000)(00110)(0)(000000)
1101100_011(011100)(000000)(00110)(0)(000000)
1101101_011(011100)(000000)(00110)(0)(000000)
1101110_011(011100)(000000)(00110)(0)(000000)
1101111_011(011100)(000000)(00110)(0)(000000)
1110000_011(011100)(000000)(00110)(0)(000000)
1110001_011(011100)(000000)(00110)(0)(000000)
1110010_011(011100)(000000)(00110)(0)(000000)
1110011_011(011100)(000000)(00110)(0)(000000)
1110100_011(011100)(000000)(00110)(0)(000000)
1110101_011(011100)(000000)(00110)(0)(000000)
1110110_011(011100)(000000)(00110)(0)(000000)
1110111_011(011100)(000000)(00110)(0)(000000)
1111000_011(011100)(000000)(00110)(0)(000000)
1111001_011(011100)(000000)(00110)(0)(000000)
1111010_011(011100)(000000)(00110)(0)(000000)
1111011_011(011100)(000000)(00110)(0)(000000)
1111100_011(011100)(000000)(00110)(0)(000000)
1111101_011(011100)(000000)(00110)(0)(000000)
1111110_011(011100)(000000)(00110)(0)(000000)
1111111_011(011100)(000000)(00110)(0)(000000)
10000000_011(011100)(000000)(00110)(0)(000000)
10000001_011(011100)(000000)(00110)(0)(000000)
10000010_011(011100)(000000)(00110)(0)(000000)
10000011_011(011100)(000000)(00110)(0)(000000)
10000100_011(011100)(000000)(00110)(0)(000000)
10000101_011(011100)(000000)(00110)(0)(000000)
10000110_011(011100)(000000)(00110)(0)(000000)
10000111_011(011100)(000000)(00110)(0)(000000)
10001000_011(011100)(000000)(00110)(0)(000000)
10001001_011(011100)(000000)(00110)(0)(000000)
10001010_011(011100)(000000)(00110)(0)(000000)
10001011_011(011100)(000000)(00110)(0)(000000)
10001100_011(011100)(000000)(00110)(0)(000000)
10001101_011(011100)(000000)(00110)(0)(000000)
10001110_011(011100)(000000)(00110)(0)(000000)
10001111_011(011100)(000000)(00110)(0)(000000)
10010000_011(011100)(000000)(00110)(0)(000000)
10010001_011(011100)(000000)(00110)(0)(000000)
10010010_011(011100)(000000)(00110)(0)(000000)
10010011_011(011100)(000000)(00110)(0)(000000)
10010100_011(011100)(000000)(00110)(0)(000000)
10010101_011(011100)(000000)(00110)(0)(000000)
10010110_011(011100)(000000)(00110)(0)(000000)
10010111_011(011100)(000000)(00110)(0)(000000)
10011000_011(011100)(000000)(00110)(0)(000000)
10011001_011(011100)(000000)(00110)(0)(000000)
10011010_011(011100)(000000)(00110)(0)(000000)
10011011_011(011100)(000000)(00110)(0)(000000)
10011100_011(011100)(000000)(00110)(0)(000000)
10011101_011(011100)(000000)(00110)(0)(000000)
10011110_011(011100)(000000)(00110)(0)(000000)
10011111_011(011100)(000000)(00110)(0)(000000)
10100000_011(011100)(000000)(00110)(0)(000000)
10100001_011(011100)(000000)(00110)(0)(000000)
10100010_011(011100)(000000)(00110)(0)(000000)
10100011_011(011100)(000000)(00110)(0)(000000)
10100100_011(011100)(000000)(00110)(0)(000000)
10100101_011(011100)(000000)(00110)(0)(000000)
10100110_011(011100)(000000)(00110)(0)(000000)
10100111_011(011100)(000000)(00110)(0)(000000)
10101000_011(011100)(000000)(00110)(0)(000000)
10101001_011(011100)(000000)(00110)(0)(000000)
10101010_011(011100)(000000)(00110)(0)(000000)
10101011_011(011100)(000000)(00110)(0)(000000)
10101100_011(011100)(000000)(00110)(0)(000000)
10101101_011(011100)(000000)(00110)(0)(000000)
10101110_011(011100)(000000)(00110)(0)(000000)
10101111_011(011100)(000000)(00110)(0)(000000)
10110000_011(011100)(000000)(00110)(0)(000000)
10110001_011(011100)(000000)(00110)(0)(000000)
10110010_011(011100)(000000)(00110)(0)(000000)
10110011_011(011100)(000000)(00110)(0)(000000)
10110100_011(011100)(000000)(00110)(0)(000000)
10110101_011(011100)(000000)(00110)(0)(000000)
10110110_011(011100)(000000)(00110)(0)(000000)
10110111_011(011100)(000000)(00110)(0)(000000)
10111000_011(011100)(000000)(00110)(0)(000000)
10111001_011(011100)(000000)(00110)(0)(000000)
10111010_011(011100)(000000)(00110)(0)(000000)
10111011_011(011100)(000000)(00110)(0)(000000)
10111100_011(011100)(000000)(00110)(0)(000000)
10111101_011(011100)(000000)(00110)(0)(000000)
10111110_011(011100)(000000)(00110)(0)(000000)
10111111_011(011100)(000000)(00110)(0)(000000)
11000000_011(011100)(000000)(00110)(0)(000000)
11000001_011(011100)(000000)(00110)(0)(000000)
11000010_011(011100)(000000)(00110)(0)(000000)
11000011_011(011100)(000000)(00110)(0)(000000)
11000100_011(011100)(000000)(00110)(0)(000000)
11000101_011(011100)(000000)(00110)(0)(000000)
11000110_011(011100)(000000)(00110)(0)(000000)
11000111_011(011100)(000000)(00110)(0)(000000)
11001000_011(011100)(000000)(00110)(0)(000000)
11001001_011(011100)(000000)(00110)(0)(000000)
11001010_011(011100)(000000)(00110)(0)(000000)
11001011_011(011100)(000000)(00110)(0)(000000)
11001100_011(011100)(000000)(00110)(0)(000000)
11001101_011(011100)(000000)(00110)(0)(000000)
11001110_011(011100)(000000)(00110)(0)(000000)
11001111_011(011100)(000000)(00110)(0)(000000)
11010000_011(011100)(000000)(00110)(0)(000000)
11010001_011(011100)(000000)(00110)(0)(000000)
11010010_011(011100)(000000)(00110)(0)(000000)
11010011_011(011100)(000000)(00110)(0)(000000)
11010100_011(011100)(000000)(00110)(0)(000000)
11010101_011(011100)(000000)(00110)(0)(000000)
11010110_011(011100)(000000)(00110)(0)(000000)
11010111_011(011100)(000000)(00110)(0)(000000)
11011000_011(011100)(000000)(00110)(0)(000000)
11011001_011(011100)(000000)(00110)(0)(000000)
11011010_011(011100)(000000)(00110)(0)(000000)
11011011_011(011100)(000000)(00110)(0)(000000)
11011100_011(011100)(000000)(00110)(0)(000000)
11011101_011(011100)(000000)(00110)(0)(000000)
11011110_011(011100)(000000)(00110)(0)(000000)
11011111_011(011100)(000000)(00110)(0)(000000)
11100000_011(011100)(000000)(00110)(0)(000000)
11100001_011(011100)(000000)(00110)(0)(000000)
11100010_011(011100)(000000)(00110)(0)(000000)
11100011_011(011100)(000000)(00110)(0)(000000)
11100100_011(011100)(000000)(00110)(0)(000000)
11100101_011(011100)(000000)(00110)(0)(000000)
11100110_011(011100)(000000)(00110)(0)(000000)
11100111_011(011100)(000000)(00110)(0)(000000)
11101000_011(011100)(000000)(00110)(0)(000000)
11101001_011(011100)(000000)(00110)(0)(000000)
11101010_011(011100)(000000)(00110)(0)(000000)
11101011_011(011100)(000000)(00110)(0)(000000)
11101100_011(011100)(000000)(00110)(0)(000000)
11101101_011(011100)(000000)(00110)(0)(000000)
11101110_011(011100)(000000)(00110)(0)(000000)
11101111_011(011100)(000000)(00110)(0)(000000)
11110000_011(011100)(000000)(00110)(0)(000000)
11110001_011(011100)(000000)(00110)(0)(000000)
11110010_011(011100)(000000)(00110)(0)(000000)
11110011_011(011100)(000000)(00110)(0)(000000)
11110100_011(011100)(000000)(00110)(0)(000000)
11110101_011(011100)(000000)(00110)(0)(000000)
11110110_011(011100)(000000)(00110)(0)(000000)
11110111_011(011100)(000000)(00110)(0)(000000)
11111000_011(011100)(000000)(00110)(0)(000000)
11111001_011(011100)(000000)(00110)(0)(000000)
11111010_011(011100)(000000)(00110)(0)(000000)
11111011_011(011100)(000000)(00110)(0)(000000)
11111100_011(011100)(000000)(00110)(0)(000000)
11111101_011(011100)(000000)(00110)(0)(000000)
11111110_011(011100)(000000)(00110)(0)(000000)
11111111_011(011100)(000000)(00110)(0)(000000)
100000000_011(011100)(000000)(00110)(0)(000000)
100000001_011(011100)(000000)(00110)(0)(000000)
100000010_011(011100)(000000)(00110)(0)(000000)
100000011_011(011100)(000000)(00110)(0)(000000)
100000100_011(011100)(000000)(00110)(0)(000000)
100000101_011(011100)(000000)(00110)(0)(000000)
100000110_011(011100)(000000)(00110)(0)(000000)
100000111_011(011100)(000000)(00110)(0)(000000)
100001000_011(011100)(000000)(00110)(0)(000000)
100001001_011(011100)(000000)(00110)(0)(000000)
100001010_011(011100)(000000)(00110)(0)(000000)
100001011_011(011100)(000000)(00110)(0)(000000)
100001100_011(011100)(000000)(00110)(0)(000000)
100001101_011(011100)(000000)(00110)(0)(000000)
100001110_011(011100)(000000)(00110)(0)(000000)
100001111_011(011100)(000000)(00110)(0)(000000)
100010000_011(011100)(000000)(00110)(0)(000000)
100010001_011(011100)(000000)(00110)(0)(000000)
100010010_011(011100)(000000)(00110)(0)(000000)
100010011_011(011100)(000000)(00110)(0)(000000)
100010100_011(011100)(000000)(00110)(0)(000000)
100010101_011(011100)(000000)(00110)(0)(000000)
100010110_011(011100)(000000)(00110)(0)(000000)
100010111_011(011100)(000000)(00110)(0)(000000)
100011000_011(011100)(000000)(00110)(0)(000000)
100011001_011(011100)(000000)(00110)(0)(000000)
100011010_011(011100)(000000)(00110)(0)(000000)
100011011_011(011100)(000000)(00110)(0)(000000)
100011100_011(011100)(000000)(00110)(0)(000000)
100011101_011(011100)(000000)(00110)(0)(000000)
100011110_011(011100)(000000)(00110)(0)(000000)
100011111_011(011100)(000000)(00110)(0)(000000)
100100000_011(011100)(000000)(00110)(0)(000000)
100100001_011(011100)(000000)(00110)(0)(000000)
100100010_011(011100)(000000)(00110)(0)(000000)
100100011_011(011100)(000000)(00110)(0)(000000)
100100100_011(011100)(000000)(00110)(0)(000000)
100100101_011(011100)(000000)(00110)(0)(000000)
100100110_011(011100)(000000)(00110)(0)(000000)
100100111_011(011100)(000000)(00110)(0)(000000)
100101000_011(011100)(000000)(00110)(0)(000000)
100101001_011(011100)(000000)(00110)(0)(000000)
100101010_011(011100)(000000)(00110)(0)(000000)
100101011_011(011100)(000000)(00110)(0)(000000)
100101100_011(011100)(000000)(00110)(0)(000000)
100101101_011(011100)(000000)(00110)(0)(000000)
100101110_011(011100)(000000)(00110)(0)(000000)
100101111_011(011100)(000000)(00110)(0)(000000)
100110000_011(011100)(000000)(00110)(0)(000000)
100110001_011(011100)(000000)(00110)(0)(000000)
100110010_011(011100)(000000)(00110)(0)(000000)
100110011_011(011100)(000000)(00110)(0)(000000)
100110100_011(011100)(000000)(00110)(0)(000000)
100110101_011(011100)(000000)(00110)(0)(000000)
100110110_011(011100)(000000)(00110)(0)(000000)
100110111_011(011100)(000000)(00110)(0)(000000)
100111000_011(011100)(000000)(00110)(0)(000000)
100111001_011(011100)(000000)(00110)(0)(000000)
100111010_011(011100)(000000)(00110)(0)(000000)
100111011_011(011100)(000000)(00110)(0)(000000)
100111100_011(011100)(000000)(00110)(0)(000000)
100111101_011(011100)(000000)(00110)(0)(000000)
100111110_011(011100)(000000)(00110)(0)(000000)
100111111_011(011100)(000000)(00110)(0)(000000)
101000000_011(011100)(000000)(00110)(0)(000000)
101000001_011(011100)(000000)(00110)(0)(000000)
101000010_011(011100)(000000)(00110)(0)(000000)
101000011_011(011100)(000000)(00110)(0)(000000)
101000100_011(011100)(000000)(00110)(0)(000000)
101000101_011(011100)(000000)(00110)(0)(000000)
101000110_011(011100)(000000)(00110)(0)(000000)
101000111_011(011100)(000000)(00110)(0)(000000)
101001000_011(011100)(000000)(00110)(0)(000000)
101001001_011(011100)(000000)(00110)(0)(000000)
101001010_011(011100)(000000)(00110)(0)(000000)
101001011_011(011100)(000000)(00110)(0)(000000)
101001100_011(011100)(000000)(00110)(0)(000000)
101001101_011(011100)(000000)(00110)(0)(000000)
101001110_011(011100)(000000)(00110)(0)(000000)
101001111_011(011100)(000000)(00110)(0)(000000)
101010000_011(011100)(000000)(00110)(0)(000000)
101010001_011(011100)(000000)(00110)(0)(000000)
101010010_011(011100)(000000)(00110)(0)(000000)
101010011_011(011100)(000000)(00110)(0)(000000)
101010100_011(011100)(000000)(00110)(0)(000000)
101010101_011(011100)(000000)(00110)(0)(000000)
101010110_011(011100)(000000)(00110)(0)(000000)
101010111_011(011100)(000000)(00110)(0)(000000)
101011000_011(011100)(000000)(00110)(0)(000000)
101011001_011(011100)(000000)(00110)(0)(000000)
101011010_011(011100)(000000)(00110)(0)(000000)
101011011_011(011100)(000000)(00110)(0)(000000)
101011100_011(011100)(000000)(00110)(0)(000000)
101011101_011(011100)(000000)(00110)(0)(000000)
101011110_011(011100)(000000)(00110)(0)(000000)
101011111_011(011100)(000000)(00110)(0)(000000)
101100000_011(011100)(000000)(00110)(0)(000000)
101100001_011(011100)(000000)(00110)(0)(000000)
101100010_011(011100)(000000)(00110)(0)(000000)
101100011_011(011100)(000000)(00110)(0)(000000)
101100100_011(011100)(000000)(00110)(0)(000000)
101100101_011(011100)(000000)(00110)(0)(000000)
101100110_011(011100)(000000)(00110)(0)(000000)
101100111_011(011100)(000000)(00110)(0)(000000)
101101000_011(011100)(000000)(00110)(0)(000000)
101101001_011(011100)(000000)(00110)(0)(000000)
101101010_011(011100)(000000)(00110)(0)(000000)
101101011_011(011100)(000000)(00110)(0)(000000)
101101100_011(011100)(000000)(00110)(0)(000000)
101101101_011(011100)(000000)(00110)(0)(000000)
101101110_011(011100)(000000)(00110)(0)(000000)
101101111_011(011100)(000000)(00110)(0)(000000)
101110000_011(011100)(000000)(00110)(0)(000000)
101110001_011(011100)(000000)(00110)(0)(000000)
101110010_011(011100)(000000)(00110)(0)(000000)
101110011_011(011100)(000000)(00110)(0)(000000)
101110100_011(011100)(000000)(00110)(0)(000000)
101110101_011(011100)(000000)(00110)(0)(000000)
101110110_011(011100)(000000)(00110)(0)(000000)
101110111_011(011100)(000000)(00110)(0)(000000)
101111000_011(011100)(000000)(00110)(0)(000000)
101111001_011(011100)(000000)(00110)(0)(000000)
101111010_011(011100)(000000)(00110)(0)(000000)
101111011_011(011100)(000000)(00110)(0)(000000)
101111100_011(011100)(000000)(00110)(0)(000000)
101111101_011(011100)(000000)(00110)(0)(000000)
101111110_011(011100)(000000)(00110)(0)(000000)
101111111_011(011100)(000000)(00110)(0)(000000)
110000000_011(011100)(000000)(00110)(0)(000000)
110000001_011(011100)(000000)(00110)(0)(000000)
110000010_011(011100)(000000)(00110)(0)(000000)
110000011_011(011100)(000000)(00110)(0)(000000)
110000100_011(011100)(000000)(00110)(0)(000000)
110000101_011(011100)(000000)(00110)(0)(000000)
110000110_011(011100)(000000)(00110)(0)(000000)
110000111_011(011100)(000000)(00110)(0)(000000)
110001000_011(011100)(000000)(00110)(0)(000000)
110001001_011(011100)(000000)(00110)(0)(000000)
110001010_011(011100)(000000)(00110)(0)(000000)
110001011_011(011100)(000000)(00110)(0)(000000)
110001100_011(011100)(000000)(00110)(0)(000000)
110001101_011(011100)(000000)(00110)(0)(000000)
110001110_011(011100)(000000)(00110)(0)(000000)
110001111_011(011100)(000000)(00110)(0)(000000)
110010000_011(011100)(000000)(00110)(0)(000000)
110010001_011(011100)(000000)(00110)(0)(000000)
110010010_011(011100)(000000)(00110)(0)(000000)
110010011_011(011100)(000000)(00110)(0)(000000)
110010100_011(011100)(000000)(00110)(0)(000000)
110010101_011(011100)(000000)(00110)(0)(000000)
110010110_011(011100)(000000)(00110)(0)(000000)
110010111_011(011100)(000000)(00110)(0)(000000)
110011000_011(011100)(000000)(00110)(0)(000000)
110011001_011(011100)(000000)(00110)(0)(000000)
110011010_011(011100)(000000)(00110)(0)(000000)
110011011_011(011100)(000000)(00110)(0)(000000)
110011100_011(011100)(000000)(00110)(0)(000000)
110011101_011(011100)(000000)(00110)(0)(000000)
110011110_011(011100)(000000)(00110)(0)(000000)
110011111_011(011100)(000000)(00110)(0)(000000)
110100000_011(011100)(000000)(00110)(0)(000000)
110100001_011(011100)(000000)(00110)(0)(000000)
110100010_011(011100)(000000)(00110)(0)(000000)
110100011_011(011100)(000000)(00110)(0)(000000)
110100100_011(011100)(000000)(00110)(0)(000000)
110100101_011(011100)(000000)(00110)(0)(000000)
110100110_011(011100)(000000)(00110)(0)(000000)
110100111_011(011100)(000000)(00110)(0)(000000)
110101000_011(011100)(000000)(00110)(0)(000000)
110101001_011(011100)(000000)(00110)(0)(000000)
110101010_011(011100)(000000)(00110)(0)(000000)
110101011_011(011100)(000000)(00110)(0)(000000)
110101100_011(011100)(000000)(00110)(0)(000000)
110101101_011(011100)(000000)(00110)(0)(000000)
110101110_011(011100)(000000)(00110)(0)(000000)
110101111_011(011100)(000000)(00110)(0)(000000)
110110000_011(011100)(000000)(00110)(0)(000000)
110110001_011(011100)(000000)(00110)(0)(000000)
110110010_011(011100)(000000)(00110)(0)(000000)
110110011_011(011100)(000000)(00110)(0)(000000)
110110100_011(011100)(000000)(00110)(0)(000000)
110110101_011(011100)(000000)(00110)(0)(000000)
110110110_011(011100)(000000)(00110)(0)(000000)
110110111_011(011100)(000000)(00110)(0)(000000)
110111000_011(011100)(000000)(00110)(0)(000000)
110111001_011(011100)(000000)(00110)(0)(000000)
110111010_011(011100)(000000)(00110)(0)(000000)
110111011_011(011100)(000000)(00110)(0)(000000)
110111100_011(011100)(000000)(00110)(0)(000000)
110111101_011(011100)(000000)(00110)(0)(000000)
110111110_011(011100)(000000)(00110)(0)(000000)
110111111_011(011100)(000000)(00110)(0)(000000)
111000000_011(011100)(000000)(00110)(0)(000000)
111000001_011(011100)(000000)(00110)(0)(000000)
111000010_011(011100)(000000)(00110)(0)(000000)
111000011_011(011100)(000000)(00110)(0)(000000)
111000100_011(011100)(000000)(00110)(0)(000000)
111000101_011(011100)(000000)(00110)(0)(000000)
111000110_011(011100)(000000)(00110)(0)(000000)
111000111_011(011100)(000000)(00110)(0)(000000)
111001000_011(011100)(000000)(00110)(0)(000000)
111001001_011(011100)(000000)(00110)(0)(000000)
111001010_011(011100)(000000)(00110)(0)(000000)
111001011_011(011100)(000000)(00110)(0)(000000)
111001100_011(011100)(000000)(00110)(0)(000000)
111001101_011(011100)(000000)(00110)(0)(000000)
111001110_011(011100)(000000)(00110)(0)(000000)
111001111_011(011100)(000000)(00110)(0)(000000)
111010000_011(011100)(000000)(00110)(0)(000000)
111010001_011(011100)(000000)(00110)(0)(000000)
111010010_011(011100)(000000)(00110)(0)(000000)
111010011_011(011100)(000000)(00110)(0)(000000)
111010100_011(011100)(000000)(00110)(0)(000000)
111010101_011(011100)(000000)(00110)(0)(000000)
111010110_011(011100)(000000)(00110)(0)(000000)
111010111_011(011100)(000000)(00110)(0)(000000)
111011000_011(011100)(000000)(00110)(0)(000000)
111011001_011(011100)(000000)(00110)(0)(000000)
111011010_011(011100)(000000)(00110)(0)(000000)
111011011_011(011100)(000000)(00110)(0)(000000)
111011100_011(011100)(000000)(00110)(0)(000000)
111011101_011(011100)(000000)(00110)(0)(000000)
111011110_011(011100)(000000)(00110)(0)(000000)
111011111_011(011100)(000000)(00110)(0)(000000)
111100000_011(011100)(000000)(00110)(0)(000000)
111100001_011(011100)(000000)(00110)(0)(000000)
111100010_011(011100)(000000)(00110)(0)(000000)
111100011_011(011100)(000000)(00110)(0)(000000)
111100100_011(011100)(000000)(00110)(0)(000000)
111100101_011(011100)(000000)(00110)(0)(000000)
111100110_011(011100)(000000)(00110)(0)(000000)
111100111_011(011100)(000000)(00110)(0)(000000)
111101000_011(011100)(000000)(00110)(0)(000000)
111101001_011(011100)(000000)(00110)(0)(000000)
111101010_011(011100)(000000)(00110)(0)(000000)
111101011_011(011100)(000000)(00110)(0)(000000)
111101100_011(011100)(000000)(00110)(0)(000000)
111101101_011(011100)(000000)(00110)(0)(000000)
111101110_011(011100)(000000)(00110)(0)(000000)
111101111_011(011100)(000000)(00110)(0)(000000)
111110000_011(011100)(000000)(00110)(0)(000000)
111110001_011(011100)(000000)(00110)(0)(000000)
111110010_011(011100)(000000)(00110)(0)(000000)
111110011_011(011100)(000000)(00110)(0)(000000)
111110100_011(011100)(000000)(00110)(0)(000000)
111110101_011(011100)(000000)(00110)(0)(000000)
111110110_011(011100)(000000)(00110)(0)(000000)
111110111_011(011100)(000000)(00110)(0)(000000)
111111000_011(011100)(000000)(00110)(0)(000000)
111111001_011(011100)(000000)(00110)(0)(000000)
111111010_011(011100)(000000)(00110)(0)(000000)
111111011_011(011100)(000000)(00110)(0)(000000)
111111100_011(011100)(000000)(00110)(0)(000000)
111111101_011(011100)(000000)(00110)(0)(000000)
111111110_011(011100)(000000)(00110)(0)(000000)
111111111_011(011100)(000000)(00110)(0)(000000)
1000000000_011(011100)(000000)(00110)(0)(000000)
1000000001_011(011100)(000000)(00110)(0)(000000)
1000000010_011(011100)(000000)(00110)(0)(000000)
1000000011_011(011100)(000000)(00110)(0)(000000)
1000000100_011(011100)(000000)(00110)(0)(000000)
1000000101_011(011100)(000000)(00110)(0)(000000)
1000000110_011(011100)(000000)(00110)(0)(000000)
1000000111_011(011100)(000000)(00110)(0)(000000)
1000001000_011(011100)(000000)(00110)(0)(000000)
1000001001_011(011100)(000000)(00110)(0)(000000)
1000001010_011(011100)(000000)(00110)(0)(000000)
1000001011_011(011100)(000000)(00110)(0)(000000)
1000001100_011(011100)(000000)(00110)(0)(000000)
1000001101_011(011100)(000000)(00110)(0)(000000)
1000001110_011(011100)(000000)(00110)(0)(000000)
1000001111_011(011100)(000000)(00110)(0)(000000)
1000010000_011(011100)(000000)(00110)(0)(000000)
1000010001_011(011100)(000000)(00110)(0)(000000)
1000010010_011(011100)(000000)(00110)(0)(000000)
1000010011_011(011100)(000000)(00110)(0)(000000)
1000010100_011(011100)(000000)(00110)(0)(000000)
1000010101_011(011100)(000000)(00110)(0)(000000)
1000010110_011(011100)(000000)(00110)(0)(000000)
1000010111_011(011100)(000000)(00110)(0)(000000)
1000011000_011(011100)(000000)(00110)(0)(000000)
1000011001_011(011100)(000000)(00110)(0)(000000)
1000011010_011(011100)(000000)(00110)(0)(000000)
1000011011_011(011100)(000000)(00110)(0)(000000)
1000011100_011(011100)(000000)(00110)(0)(000000)
1000011101_011(011100)(000000)(00110)(0)(000000)
1000011110_011(011100)(000000)(00110)(0)(000000)
1000011111_011(011100)(000000)(00110)(0)(000000)
1000100000_011(011100)(000000)(00110)(0)(000000)
1000100001_011(011100)(000000)(00110)(0)(000000)
1000100010_011(011100)(000000)(00110)(0)(000000)
1000100011_011(011100)(000000)(00110)(0)(000000)
1000100100_011(011100)(000000)(00110)(0)(000000)
1000100101_011(011100)(000000)(00110)(0)(000000)
1000100110_011(011100)(000000)(00110)(0)(000000)
1000100111_011(011100)(000000)(00110)(0)(000000)
1000101000_011(011100)(000000)(00110)(0)(000000)
1000101001_011(011100)(000000)(00110)(0)(000000)
1000101010_011(011100)(000000)(00110)(0)(000000)
1000101011_011(011100)(000000)(00110)(0)(000000)
1000101100_011(011100)(000000)(00110)(0)(000000)
1000101101_011(011100)(000000)(00110)(0)(000000)
1000101110_011(011100)(000000)(00110)(0)(000000)
1000101111_011(011100)(000000)(00110)(0)(000000)
1000110000_011(011100)(000000)(00110)(0)(000000)
1000110001_011(011100)(000000)(00110)(0)(000000)
1000110010_011(011100)(000000)(00110)(0)(000000)
1000110011_011(011100)(000000)(00110)(0)(000000)
1000110100_011(011100)(000000)(00110)(0)(000000)
1000110101_011(011100)(000000)(00110)(0)(000000)
1000110110_011(011100)(000000)(00110)(0)(000000)
1000110111_011(011100)(000000)(00110)(0)(000000)
1000111000_011(011100)(000000)(00110)(0)(000000)
1000111001_011(011100)(000000)(00110)(0)(000000)
1000111010_011(011100)(000000)(00110)(0)(000000)
1000111011_011(011100)(000000)(00110)(0)(000000)
1000111100_011(011100)(000000)(00110)(0)(000000)
1000111101_011(011100)(000000)(00110)(0)(000000)
1000111110_011(011100)(000000)(00110)(0)(000000)
1000111111_011(011100)(000000)(00110)(0)(000000)
1001000000_011(011100)(000000)(00110)(0)(000000)
1001000001_011(011100)(000000)(00110)(0)(000000)
1001000010_011(011100)(000000)(00110)(0)(000000)
1001000011_011(011100)(000000)(00110)(0)(000000)
1001000100_011(011100)(000000)(00110)(0)(000000)
1001000101_011(011100)(000000)(00110)(0)(000000)
1001000110_011(011100)(000000)(00110)(0)(000000)
1001000111_011(011100)(000000)(00110)(0)(000000)
1001001000_011(011100)(000000)(00110)(0)(000000)
1001001001_011(011100)(000000)(00110)(0)(000000)
1001001010_011(011100)(000000)(00110)(0)(000000)
1001001011_011(011100)(000000)(00110)(0)(000000)
1001001100_011(011100)(000000)(00110)(0)(000000)
1001001101_011(011100)(000000)(00110)(0)(000000)
1001001110_011(011100)(000000)(00110)(0)(000000)
1001001111_011(011100)(000000)(00110)(0)(000000)
1001010000_011(011100)(000000)(00110)(0)(000000)
1001010001_011(011100)(000000)(00110)(0)(000000)
1001010010_011(011100)(000000)(00110)(0)(000000)
1001010011_011(011100)(000000)(00110)(0)(000000)
1001010100_011(011100)(000000)(00110)(0)(000000)
1001010101_011(011100)(000000)(00110)(0)(000000)
1001010110_011(011100)(000000)(00110)(0)(000000)
1001010111_011(011100)(000000)(00110)(0)(000000)
1001011000_011(011100)(000000)(00110)(0)(000000)
1001011001_011(011100)(000000)(00110)(0)(000000)
1001011010_011(011100)(000000)(00110)(0)(000000)
1001011011_011(011100)(000000)(00110)(0)(000000)
1001011100_011(011100)(000000)(00110)(0)(000000)
1001011101_011(011100)(000000)(00110)(0)(000000)
1001011110_011(011100)(000000)(00110)(0)(000000)
1001011111_011(011100)(000000)(00110)(0)(000000)
1001100000_011(011100)(000000)(00110)(0)(000000)
1001100001_011(011100)(000000)(00110)(0)(000000)
1001100010_011(011100)(000000)(00110)(0)(000000)
1001100011_011(011100)(000000)(00110)(0)(000000)
1001100100_011(011100)(000000)(00110)(0)(000000)
1001100101_011(011100)(000000)(00110)(0)(000000)
1001100110_011(011100)(000000)(00110)(0)(000000)
1001100111_011(011100)(000000)(00110)(0)(000000)
1001101000_011(011100)(000000)(00110)(0)(000000)
1001101001_011(011100)(000000)(00110)(0)(000000)
1001101010_011(011100)(000000)(00110)(0)(000000)
1001101011_011(011100)(000000)(00110)(0)(000000)
1001101100_011(011100)(000000)(00110)(0)(000000)
1001101101_011(011100)(000000)(00110)(0)(000000)
1001101110_011(011100)(000000)(00110)(0)(000000)
1001101111_011(011100)(000000)(00110)(0)(000000)
1001110000_011(011100)(000000)(00110)(0)(000000)
1001110001_011(011100)(000000)(00110)(0)(000000)
1001110010_011(011100)(000000)(00110)(0)(000000)
1001110011_011(011100)(000000)(00110)(0)(000000)
1001110100_011(011100)(000000)(00110)(0)(000000)
1001110101_011(011100)(000000)(00110)(0)(000000)
1001110110_011(011100)(000000)(00110)(0)(000000)
1001110111_011(011100)(000000)(00110)(0)(000000)
1001111000_011(011100)(000000)(00110)(0)(000000)
1001111001_011(011100)(000000)(00110)(0)(000000)
1001111010_011(011100)(000000)(00110)(0)(000000)
1001111011_011(011100)(000000)(00110)(0)(000000)
1001111100_011(011100)(000000)(00110)(0)(000000)
1001111101_011(011100)(000000)(00110)(0)(000000)
1001111110_011(011100)(000000)(00110)(0)(000000)
1001111111_011(011100)(000000)(00110)(0)(000000)
1010000000_011(011100)(000000)(00110)(0)(000000)
1010000001_011(011100)(000000)(00110)(0)(000000)
1010000010_011(011100)(000000)(00110)(0)(000000)
1010000011_011(011100)(000000)(00110)(0)(000000)
1010000100_011(011100)(000000)(00110)(0)(000000)
1010000101_011(011100)(000000)(00110)(0)(000000)
1010000110_011(011100)(000000)(00110)(0)(000000)
1010000111_011(011100)(000000)(00110)(0)(000000)
1010001000_011(011100)(000000)(00110)(0)(000000)
1010001001_011(011100)(000000)(00110)(0)(000000)
1010001010_011(011100)(000000)(00110)(0)(000000)
1010001011_011(011100)(000000)(00110)(0)(000000)
1010001100_011(011100)(000000)(00110)(0)(000000)
1010001101_011(011100)(000000)(00110)(0)(000000)
1010001110_011(011100)(000000)(00110)(0)(000000)
1010001111_011(011100)(000000)(00110)(0)(000000)
1010010000_011(011100)(000000)(00110)(0)(000000)
1010010001_011(011100)(000000)(00110)(0)(000000)
1010010010_011(011100)(000000)(00110)(0)(000000)
1010010011_011(011100)(000000)(00110)(0)(000000)
1010010100_011(011100)(000000)(00110)(0)(000000)
1010010101_011(011100)(000000)(00110)(0)(000000)
1010010110_011(011100)(000000)(00110)(0)(000000)
1010010111_011(011100)(000000)(00110)(0)(000000)
1010011000_011(011100)(000000)(00110)(0)(000000)
1010011001_011(011100)(000000)(00110)(0)(000000)
1010011010_011(011100)(000000)(00110)(0)(000000)
1010011011_011(011100)(000000)(00110)(0)(000000)
1010011100_011(011100)(000000)(00110)(0)(000000)
1010011101_011(011100)(000000)(00110)(0)(000000)
1010011110_011(011100)(000000)(00110)(0)(000000)
1010011111_011(011100)(000000)(00110)(0)(000000)
1010100000_011(011100)(000000)(00110)(0)(000000)
1010100001_011(011100)(000000)(00110)(0)(000000)
1010100010_011(011100)(000000)(00110)(0)(000000)
1010100011_011(011100)(000000)(00110)(0)(000000)
1010100100_011(011100)(000000)(00110)(0)(000000)
1010100101_011(011100)(000000)(00110)(0)(000000)
1010100110_011(011100)(000000)(00110)(0)(000000)
1010100111_011(011100)(000000)(00110)(0)(000000)
1010101000_011(011100)(000000)(00110)(0)(000000)
1010101001_011(011100)(000000)(00110)(0)(000000)
1010101010_011(011100)(000000)(00110)(0)(000000)
1010101011_011(011100)(000000)(00110)(0)(000000)
1010101100_011(011100)(000000)(00110)(0)(000000)
1010101101_011(011100)(000000)(00110)(0)(000000)
1010101110_011(011100)(000000)(00110)(0)(000000)
1010101111_011(011100)(000000)(00110)(0)(000000)
1010110000_011(011100)(000000)(00110)(0)(000000)
1010110001_011(011100)(000000)(00110)(0)(000000)
1010110010_011(011100)(000000)(00110)(0)(000000)
1010110011_011(011100)(000000)(00110)(0)(000000)
1010110100_011(011100)(000000)(00110)(0)(000000)
1010110101_011(011100)(000000)(00110)(0)(000000)
1010110110_011(011100)(000000)(00110)(0)(000000)
1010110111_011(011100)(000000)(00110)(0)(000000)
1010111000_011(011100)(000000)(00110)(0)(000000)
1010111001_011(011100)(000000)(00110)(0)(000000)
1010111010_011(011100)(000000)(00110)(0)(000000)
1010111011_011(011100)(000000)(00110)(0)(000000)
1010111100_011(011100)(000000)(00110)(0)(000000)
1010111101_011(011100)(000000)(00110)(0)(000000)
1010111110_011(011100)(000000)(00110)(0)(000000)
1010111111_011(011100)(000000)(00110)(0)(000000)
1011000000_011(011100)(000000)(00110)(0)(000000)
1011000001_011(011100)(000000)(00110)(0)(000000)
1011000010_011(011100)(000000)(00110)(0)(000000)
1011000011_011(011100)(000000)(00110)(0)(000000)
1011000100_011(011100)(000000)(00110)(0)(000000)
1011000101_011(011100)(000000)(00110)(0)(000000)
1011000110_011(011100)(000000)(00110)(0)(000000)
1011000111_011(011100)(000000)(00110)(0)(000000)
1011001000_011(011100)(000000)(00110)(0)(000000)
1011001001_011(011100)(000000)(00110)(0)(000000)
1011001010_011(011100)(000000)(00110)(0)(000000)
1011001011_011(011100)(000000)(00110)(0)(000000)
1011001100_011(011100)(000000)(00110)(0)(000000)
1011001101_011(011100)(000000)(00110)(0)(000000)
1011001110_011(011100)(000000)(00110)(0)(000000)
1011001111_011(011100)(000000)(00110)(0)(000000)
1011010000_011(011100)(000000)(00110)(0)(000000)
1011010001_011(011100)(000000)(00110)(0)(000000)
1011010010_011(011100)(000000)(00110)(0)(000000)
1011010011_011(011100)(000000)(00110)(0)(000000)
1011010100_011(011100)(000000)(00110)(0)(000000)
1011010101_011(011100)(000000)(00110)(0)(000000)
1011010110_011(011100)(000000)(00110)(0)(000000)
1011010111_011(011100)(000000)(00110)(0)(000000)
1011011000_011(011100)(000000)(00110)(0)(000000)
1011011001_011(011100)(000000)(00110)(0)(000000)
1011011010_011(011100)(000000)(00110)(0)(000000)
1011011011_011(011100)(000000)(00110)(0)(000000)
1011011100_011(011100)(000000)(00110)(0)(000000)
1011011101_011(011100)(000000)(00110)(0)(000000)
1011011110_011(011100)(000000)(00110)(0)(000000)
1011011111_011(011100)(000000)(00110)(0)(000000)
1011100000_011(011100)(000000)(00110)(0)(000000)
1011100001_011(011100)(000000)(00110)(0)(000000)
1011100010_011(011100)(000000)(00110)(0)(000000)
1011100011_011(011100)(000000)(00110)(0)(000000)
1011100100_011(011100)(000000)(00110)(0)(000000)
1011100101_011(011100)(000000)(00110)(0)(000000)
1011100110_011(011100)(000000)(00110)(0)(000000)
1011100111_011(011100)(000000)(00110)(0)(000000)
1011101000_011(011100)(000000)(00110)(0)(000000)
1011101001_011(011100)(000000)(00110)(0)(000000)
1011101010_011(011100)(000000)(00110)(0)(000000)
1011101011_011(011100)(000000)(00110)(0)(000000)
1011101100_011(011100)(000000)(00110)(0)(000000)
1011101101_011(011100)(000000)(00110)(0)(000000)
1011101110_011(011100)(000000)(00110)(0)(000000)
1011101111_011(011100)(000000)(00110)(0)(000000)
1011110000_011(011100)(000000)(00110)(0)(000000)
1011110001_011(011100)(000000)(00110)(0)(000000)
1011110010_011(011100)(000000)(00110)(0)(000000)
1011110011_011(011100)(000000)(00110)(0)(000000)
1011110100_011(011100)(000000)(00110)(0)(000000)
1011110101_011(011100)(000000)(00110)(0)(000000)
1011110110_011(011100)(000000)(00110)(0)(000000)
1011110111_011(011100)(000000)(00110)(0)(000000)
1011111000_011(011100)(000000)(00110)(0)(000000)
1011111001_011(011100)(000000)(00110)(0)(000000)
1011111010_011(011100)(000000)(00110)(0)(000000)
1011111011_011(011100)(000000)(00110)(0)(000000)
1011111100_011(011100)(000000)(00110)(0)(000000)
1011111101_011(011100)(000000)(00110)(0)(000000)
1011111110_011(011100)(000000)(00110)(0)(000000)
1011111111_011(011100)(000000)(00110)(0)(000000)
1100000000_011(011100)(000000)(00110)(0)(000000)
1100000001_011(011100)(000000)(00110)(0)(000000)
1100000010_011(011100)(000000)(00110)(0)(000000)
1100000011_011(011100)(000000)(00110)(0)(000000)
1100000100_011(011100)(000000)(00110)(0)(000000)
1100000101_011(011100)(000000)(00110)(0)(000000)
1100000110_011(011100)(000000)(00110)(0)(000000)
1100000111_011(011100)(000000)(00110)(0)(000000)
1100001000_011(011100)(000000)(00110)(0)(000000)
1100001001_011(011100)(000000)(00110)(0)(000000)
1100001010_011(011100)(000000)(00110)(0)(000000)
1100001011_011(011100)(000000)(00110)(0)(000000)
1100001100_011(011100)(000000)(00110)(0)(000000)
1100001101_011(011100)(000000)(00110)(0)(000000)
1100001110_011(011100)(000000)(00110)(0)(000000)
1100001111_011(011100)(000000)(00110)(0)(000000)
1100010000_011(011100)(000000)(00110)(0)(000000)
1100010001_011(011100)(000000)(00110)(0)(000000)
1100010010_011(011100)(000000)(00110)(0)(000000)
1100010011_011(011100)(000000)(00110)(0)(000000)
1100010100_011(011100)(000000)(00110)(0)(000000)
1100010101_011(011100)(000000)(00110)(0)(000000)
1100010110_011(011100)(000000)(00110)(0)(000000)
1100010111_011(011100)(000000)(00110)(0)(000000)
1100011000_011(011100)(000000)(00110)(0)(000000)
1100011001_011(011100)(000000)(00110)(0)(000000)
1100011010_011(011100)(000000)(00110)(0)(000000)
1100011011_011(011100)(000000)(00110)(0)(000000)
1100011100_011(011100)(000000)(00110)(0)(000000)
1100011101_011(011100)(000000)(00110)(0)(000000)
1100011110_011(011100)(000000)(00110)(0)(000000)
1100011111_011(011100)(000000)(00110)(0)(000000)
1100100000_011(011100)(000000)(00110)(0)(000000)
1100100001_011(011100)(000000)(00110)(0)(000000)
1100100010_011(011100)(000000)(00110)(0)(000000)
1100100011_011(011100)(000000)(00110)(0)(000000)
1100100100_011(011100)(000000)(00110)(0)(000000)
1100100101_011(011100)(000000)(00110)(0)(000000)
1100100110_011(011100)(000000)(00110)(0)(000000)
1100100111_011(011100)(000000)(00110)(0)(000000)
1100101000_011(011100)(000000)(00110)(0)(000000)
1100101001_011(011100)(000000)(00110)(0)(000000)
1100101010_011(011100)(000000)(00110)(0)(000000)
1100101011_011(011100)(000000)(00110)(0)(000000)
1100101100_011(011100)(000000)(00110)(0)(000000)
1100101101_011(011100)(000000)(00110)(0)(000000)
1100101110_011(011100)(000000)(00110)(0)(000000)
1100101111_011(011100)(000000)(00110)(0)(000000)
1100110000_011(011100)(000000)(00110)(0)(000000)
1100110001_011(011100)(000000)(00110)(0)(000000)
1100110010_011(011100)(000000)(00110)(0)(000000)
1100110011_011(011100)(000000)(00110)(0)(000000)
1100110100_011(011100)(000000)(00110)(0)(000000)
1100110101_011(011100)(000000)(00110)(0)(000000)
1100110110_011(011100)(000000)(00110)(0)(000000)
1100110111_011(011100)(000000)(00110)(0)(000000)
1100111000_011(011100)(000000)(00110)(0)(000000)
1100111001_011(011100)(000000)(00110)(0)(000000)
1100111010_011(011100)(000000)(00110)(0)(000000)
1100111011_011(011100)(000000)(00110)(0)(000000)
1100111100_011(011100)(000000)(00110)(0)(000000)
1100111101_011(011100)(000000)(00110)(0)(000000)
1100111110_011(011100)(000000)(00110)(0)(000000)
1100111111_011(011100)(000000)(00110)(0)(000000)
1101000000_011(011100)(000000)(00110)(0)(000000)
1101000001_011(011100)(000000)(00110)(0)(000000)
1101000010_011(011100)(000000)(00110)(0)(000000)
1101000011_011(011100)(000000)(00110)(0)(000000)
1101000100_011(011100)(000000)(00110)(0)(000000)
1101000101_011(011100)(000000)(00110)(0)(000000)
1101000110_011(011100)(000000)(00110)(0)(000000)
1101000111_011(011100)(000000)(00110)(0)(000000)
1101001000_011(011100)(000000)(00110)(0)(000000)
1101001001_011(011100)(000000)(00110)(0)(000000)
1101001010_011(011100)(000000)(00110)(0)(000000)
1101001011_011(011100)(000000)(00110)(0)(000000)
1101001100_011(011100)(000000)(00110)(0)(000000)
1101001101_011(011100)(000000)(00110)(0)(000000)
1101001110_011(011100)(000000)(00110)(0)(000000)
1101001111_011(011100)(000000)(00110)(0)(000000)
1101010000_011(011100)(000000)(00110)(0)(000000)
1101010001_011(011100)(000000)(00110)(0)(000000)
1101010010_011(011100)(000000)(00110)(0)(000000)
1101010011_011(011100)(000000)(00110)(0)(000000)
1101010100_011(011100)(000000)(00110)(0)(000000)
1101010101_011(011100)(000000)(00110)(0)(000000)
1101010110_011(011100)(000000)(00110)(0)(000000)
1101010111_011(011100)(000000)(00110)(0)(000000)
1101011000_011(011100)(000000)(00110)(0)(000000)
1101011001_011(011100)(000000)(00110)(0)(000000)
1101011010_011(011100)(000000)(00110)(0)(000000)
1101011011_011(011100)(000000)(00110)(0)(000000)
1101011100_011(011100)(000000)(00110)(0)(000000)
1101011101_011(011100)(000000)(00110)(0)(000000)
1101011110_011(011100)(000000)(00110)(0)(000000)
1101011111_011(011100)(000000)(00110)(0)(000000)
1101100000_011(011100)(000000)(00110)(0)(000000)
1101100001_011(011100)(000000)(00110)(0)(000000)
1101100010_011(011100)(000000)(00110)(0)(000000)
1101100011_011(011100)(000000)(00110)(0)(000000)
1101100100_011(011100)(000000)(00110)(0)(000000)
1101100101_011(011100)(000000)(00110)(0)(000000)
1101100110_011(011100)(000000)(00110)(0)(000000)
1101100111_011(011100)(000000)(00110)(0)(000000)
1101101000_011(011100)(000000)(00110)(0)(000000)
1101101001_011(011100)(000000)(00110)(0)(000000)
1101101010_011(011100)(000000)(00110)(0)(000000)
1101101011_011(011100)(000000)(00110)(0)(000000)
1101101100_011(011100)(000000)(00110)(0)(000000)
1101101101_011(011100)(000000)(00110)(0)(000000)
1101101110_011(011100)(000000)(00110)(0)(000000)
1101101111_011(011100)(000000)(00110)(0)(000000)
1101110000_011(011100)(000000)(00110)(0)(000000)
1101110001_011(011100)(000000)(00110)(0)(000000)
1101110010_011(011100)(000000)(00110)(0)(000000)
1101110011_011(011100)(000000)(00110)(0)(000000)
1101110100_011(011100)(000000)(00110)(0)(000000)
1101110101_011(011100)(000000)(00110)(0)(000000)
1101110110_011(011100)(000000)(00110)(0)(000000)
1101110111_011(011100)(000000)(00110)(0)(000000)
1101111000_011(011100)(000000)(00110)(0)(000000)
1101111001_011(011100)(000000)(00110)(0)(000000)
1101111010_011(011100)(000000)(00110)(0)(000000)
1101111011_011(011100)(000000)(00110)(0)(000000)
1101111100_011(011100)(000000)(00110)(0)(000000)
1101111101_011(011100)(000000)(00110)(0)(000000)
1101111110_011(011100)(000000)(00110)(0)(000000)
1101111111_011(011100)(000000)(00110)(0)(000000)
1110000000_011(011100)(000000)(00110)(0)(000000)
1110000001_011(011100)(000000)(00110)(0)(000000)
1110000010_011(011100)(000000)(00110)(0)(000000)
1110000011_011(011100)(000000)(00110)(0)(000000)
1110000100_011(011100)(000000)(00110)(0)(000000)
1110000101_011(011100)(000000)(00110)(0)(000000)
1110000110_011(011100)(000000)(00110)(0)(000000)
1110000111_011(011100)(000000)(00110)(0)(000000)
1110001000_011(011100)(000000)(00110)(0)(000000)
1110001001_011(011100)(000000)(00110)(0)(000000)
1110001010_011(011100)(000000)(00110)(0)(000000)
1110001011_011(011100)(000000)(00110)(0)(000000)
1110001100_011(011100)(000000)(00110)(0)(000000)
1110001101_011(011100)(000000)(00110)(0)(000000)
1110001110_011(011100)(000000)(00110)(0)(000000)
1110001111_011(011100)(000000)(00110)(0)(000000)
1110010000_011(011100)(000000)(00110)(0)(000000)
1110010001_011(011100)(000000)(00110)(0)(000000)
1110010010_011(011100)(000000)(00110)(0)(000000)
1110010011_011(011100)(000000)(00110)(0)(000000)
1110010100_011(011100)(000000)(00110)(0)(000000)
1110010101_011(011100)(000000)(00110)(0)(000000)
1110010110_011(011100)(000000)(00110)(0)(000000)
1110010111_011(011100)(000000)(00110)(0)(000000)
1110011000_011(011100)(000000)(00110)(0)(000000)
1110011001_011(011100)(000000)(00110)(0)(000000)
1110011010_011(011100)(000000)(00110)(0)(000000)
1110011011_011(011100)(000000)(00110)(0)(000000)
1110011100_011(011100)(000000)(00110)(0)(000000)
1110011101_011(011100)(000000)(00110)(0)(000000)
1110011110_011(011100)(000000)(00110)(0)(000000)
1110011111_011(011100)(000000)(00110)(0)(000000)
1110100000_011(011100)(000000)(00110)(0)(000000)
1110100001_011(011100)(000000)(00110)(0)(000000)
1110100010_011(011100)(000000)(00110)(0)(000000)
1110100011_011(011100)(000000)(00110)(0)(000000)
1110100100_011(011100)(000000)(00110)(0)(000000)
1110100101_011(011100)(000000)(00110)(0)(000000)
1110100110_011(011100)(000000)(00110)(0)(000000)
1110100111_011(011100)(000000)(00110)(0)(000000)
1110101000_011(011100)(000000)(00110)(0)(000000)
1110101001_011(011100)(000000)(00110)(0)(000000)
1110101010_011(011100)(000000)(00110)(0)(000000)
1110101011_011(011100)(000000)(00110)(0)(000000)
1110101100_011(011100)(000000)(00110)(0)(000000)
1110101101_011(011100)(000000)(00110)(0)(000000)
1110101110_011(011100)(000000)(00110)(0)(000000)
1110101111_011(011100)(000000)(00110)(0)(000000)
1110110000_011(011100)(000000)(00110)(0)(000000)
1110110001_011(011100)(000000)(00110)(0)(000000)
1110110010_011(011100)(000000)(00110)(0)(000000)
1110110011_011(011100)(000000)(00110)(0)(000000)
1110110100_011(011100)(000000)(00110)(0)(000000)
1110110101_011(011100)(000000)(00110)(0)(000000)
1110110110_011(011100)(000000)(00110)(0)(000000)
1110110111_011(011100)(000000)(00110)(0)(000000)
1110111000_011(011100)(000000)(00110)(0)(000000)
1110111001_011(011100)(000000)(00110)(0)(000000)
1110111010_011(011100)(000000)(00110)(0)(000000)
1110111011_011(011100)(000000)(00110)(0)(000000)
1110111100_011(011100)(000000)(00110)(0)(000000)
1110111101_011(011100)(000000)(00110)(0)(000000)
1110111110_011(011100)(000000)(00110)(0)(000000)
1110111111_011(011100)(000000)(00110)(0)(000000)
1111000000_011(011100)(000000)(00110)(0)(000000)
1111000001_011(011100)(000000)(00110)(0)(000000)
1111000010_011(011100)(000000)(00110)(0)(000000)
1111000011_011(011100)(000000)(00110)(0)(000000)
1111000100_011(011100)(000000)(00110)(0)(000000)
1111000101_011(011100)(000000)(00110)(0)(000000)
1111000110_011(011100)(000000)(00110)(0)(000000)
1111000111_011(011100)(000000)(00110)(0)(000000)
1111001000_011(011100)(000000)(00110)(0)(000000)
1111001001_011(011100)(000000)(00110)(0)(000000)
1111001010_011(011100)(000000)(00110)(0)(000000)
1111001011_011(011100)(000000)(00110)(0)(000000)
1111001100_011(011100)(000000)(00110)(0)(000000)
1111001101_011(011100)(000000)(00110)(0)(000000)
1111001110_011(011100)(000000)(00110)(0)(000000)
1111001111_011(011100)(000000)(00110)(0)(000000)
1111010000_011(011100)(000000)(00110)(0)(000000)
1111010001_011(011100)(000000)(00110)(0)(000000)
1111010010_011(011100)(000000)(00110)(0)(000000)
1111010011_011(011100)(000000)(00110)(0)(000000)
1111010100_011(011100)(000000)(00110)(0)(000000)
1111010101_011(011100)(000000)(00110)(0)(000000)
1111010110_011(011100)(000000)(00110)(0)(000000)
1111010111_011(011100)(000000)(00110)(0)(000000)
1111011000_011(011100)(000000)(00110)(0)(000000)
1111011001_011(011100)(000000)(00110)(0)(000000)
1111011010_011(011100)(000000)(00110)(0)(000000)
1111011011_011(011100)(000000)(00110)(0)(000000)
1111011100_011(011100)(000000)(00110)(0)(000000)
1111011101_011(011100)(000000)(00110)(0)(000000)
1111011110_011(011100)(000000)(00110)(0)(000000)
1111011111_011(011100)(000000)(00110)(0)(000000)
1111100000_011(011100)(000000)(00110)(0)(000000)
1111100001_011(011100)(000000)(00110)(0)(000000)
1111100010_011(011100)(000000)(00110)(0)(000000)
1111100011_011(011100)(000000)(00110)(0)(000000)
1111100100_011(011100)(000000)(00110)(0)(000000)
1111100101_011(011100)(000000)(00110)(0)(000000)
1111100110_011(011100)(000000)(00110)(0)(000000)
1111100111_011(011100)(000000)(00110)(0)(000000)
